LAT=53.378504
LON=-3.062365